 0.99994
 0.99963
 0.99927
 0.99860
 0.99756
 0.99603
 0.99445
 0.99255
 0.99017
 0.98773
 0.98474
 0.98163
 0.97791
 0.97424
 0.97015
 0.96582
 0.96106
 0.95618
 0.95087
 0.94543
 0.93951
 0.93347
 0.92712
 0.92041
 0.91370
 0.90643
 0.89886
 0.89105
 0.88306
 0.87451
 0.86615
 0.85712
 0.84796
 0.83856
 0.82874
 0.81909
 0.80902
 0.79852
 0.78796
 0.77698
 0.76605
 0.75476
 0.74316
 0.73126
 0.71912
 0.70703
 0.69464
 0.68213
 0.66919
 0.65601
 0.64264
 0.62921
 0.61554
 0.60168
 0.58771
 0.57355
 0.55908
 0.54456
 0.52991
 0.51501
 0.49982
 0.48468
 0.46954
 0.45398
 0.43835
 0.42261
 0.40656
 0.39056
 0.37427
 0.35834
 0.34198
 0.32538
 0.30878
 0.29211
 0.27515
 0.25879
 0.24194
 0.22473
 0.20776
 0.19086
 0.17352
 0.15631
 0.13885
 0.12158
 0.10461
 0.08716
 0.06982
 0.05237
 0.03491
 0.01746
-0.00006
-0.01740
-0.03479
-0.05225
-0.06970
-0.08716
-0.10461
-0.12195
-0.13910
-0.15631
-0.17377
-0.19086
-0.20770
-0.22491
-0.24194
-0.25891
-0.27588
-0.29211
-0.30878
-0.32556
-0.34204
-0.35840
-0.37433
-0.39062
-0.40662
-0.42267
-0.43854
-0.45416
-0.46973
-0.48474
-0.50000
-0.51508
-0.53009
-0.54468
-0.55920
-0.57367
-0.58783
-0.60181
-0.61566
-0.62933
-0.64264
-0.65601
-0.66919
-0.68213
-0.69464
-0.70715
-0.71912
-0.73126
-0.74316
-0.75476
-0.76605
-0.77710
-0.78809
-0.79865
-0.80902
-0.81909
-0.82898
-0.83856
-0.84796
-0.85724
-0.86615
-0.87451
-0.88306
-0.89105
-0.89886
-0.90643
-0.91370
-0.92041
-0.92737
-0.93347
-0.93951
-0.94543
-0.95111
-0.95630
-0.96106
-0.96594
-0.97015
-0.97424
-0.97791
-0.98163
-0.98474
-0.98773
-0.99017
-0.99255
-0.99445
-0.99603
-0.99756
-0.99860
-0.99927
-0.99963
-1.00024
-1.00006
-0.99957
-0.99878
-0.99750
-0.99615
-0.99445
-0.99243
-0.99042
-0.98761
-0.98474
-0.98126
-0.97815
-0.97449
-0.97015
-0.96570
-0.96155
-0.95618
-0.95111
-0.94550
-0.94019
-0.93390
-0.92767
-0.92072
-0.91339
-0.90613
-0.89868
-0.89075
-0.88263
-0.87482
-0.86597
-0.85718
-0.84753
-0.83850
-0.82904
-0.81879
-0.80847
-0.79871
-0.78802
-0.77692
-0.76587
-0.75470
-0.74298
-0.73096
-0.71906
-0.70697
-0.69495
-0.68207
-0.66901
-0.65570
-0.64233
-0.62927
-0.61548
-0.60150
-0.58826
-0.57361
-0.55939
-0.54437
-0.52997
-0.51495
-0.49994
-0.48431
-0.46991
-0.45422
-0.43848
-0.42297
-0.40692
-0.39081
-0.37439
-0.35797
-0.34137
-0.32526
-0.30920
-0.29230
-0.27557
-0.25897
-0.24164
-0.22473
-0.20715
-0.19080
-0.17346
-0.15601
-0.13855
-0.12177
-0.10431
-0.08673
-0.06952
-0.05219
-0.03461
-0.01703
-0.00031
 0.01727
 0.03485
 0.05243
 0.06976
 0.08673
 0.10431
 0.12177
 0.13855
 0.15625
 0.17346
 0.19104
 0.20746
 0.22467
 0.24164
 0.25897
 0.27545
 0.29230
 0.30920
 0.32532
 0.34143
 0.35803
 0.37445
 0.39087
 0.40698
 0.42303
 0.43842
 0.45416
 0.46985
 0.48425
 0.49988
 0.51483
 0.53021
 0.54462
 0.55939
 0.57385
 0.58826
 0.60175
 0.61572
 0.62952
 0.64264
 0.65570
 0.66901
 0.68207
 0.69495
 0.70685
 0.71906
 0.73120
 0.74323
 0.75494
 0.76611
 0.77679
 0.78790
 0.79858
 0.80841
 0.81873
 0.82874
 0.83856
 0.84753
 0.85718
 0.86597
 0.87469
 0.88263
 0.89075
 0.89868
 0.90613
 0.91339
 0.92072
 0.92731
 0.93390
 0.94019
 0.94550
 0.95068
 0.95612
 0.96149
 0.96564
 0.97021
 0.97418
 0.97821
 0.98157
 0.98505
 0.98792
 0.99072
 0.99274
 0.99475
 0.99646
 0.99774
 0.99854
 0.99933
 0.99982
 0.99994
 0.99963
 0.99927
 0.99860
 0.99756
 0.99603
 0.99445
 0.99255
 0.99017
 0.98773
 0.98474
 0.98163
 0.97791
 0.97424
 0.97015
 0.96594
 0.96106
 0.95630
 0.95087
 0.94543
 0.93951
 0.93347
 0.92712
 0.92041
 0.91370
 0.90643
 0.89886
 0.89105
 0.88306
 0.87451
 0.86615
 0.85712
 0.84796
 0.83856
 0.82898
 0.81909
 0.80902
 0.79852
 0.78796
 0.77698
 0.76605
 0.75476
 0.74316
 0.73126
 0.71912
 0.70703
 0.69464
 0.68213
 0.66919
 0.65601
 0.64264
 0.62921
 0.61554
 0.60168
 0.58771
 0.57355
 0.55908
 0.54456
 0.52991
 0.51501
 0.49982
 0.48468
 0.46954
 0.45398
 0.43835
 0.42261
 0.40656
 0.39056
 0.37427
 0.35834
 0.34198
 0.32538
 0.30878
 0.29211
 0.27515
 0.25879
 0.24194
 0.22473
 0.20776
 0.19086
 0.17352
 0.15631
 0.13885
 0.12195
 0.10461
 0.08716
 0.06982
 0.05237
 0.03491
 0.01746
-0.00006
-0.01740
-0.03479
-0.05225
-0.06970
-0.08716
-0.10461
-0.12195
-0.13910
-0.15631
-0.17352
-0.19086
-0.20770
-0.22491
-0.24194
-0.25891
-0.27588
-0.29211
-0.30878
-0.32556
-0.34204
-0.35840
-0.37433
-0.39062
-0.40662
-0.42267
-0.43854
-0.45416
-0.46973
-0.48474
-0.50000
-0.51508
-0.52997
-0.54468
-0.55920
-0.57367
-0.58783
-0.60181
-0.61566
-0.62933
-0.64264
-0.65601
-0.66919
-0.68213
-0.69464
-0.70715
-0.71912
-0.73126
-0.74316
-0.75476
-0.76605
-0.77710
-0.78809
-0.79865
-0.80902
-0.81909
-0.82898
-0.83856
-0.84796
-0.85724
-0.86615
-0.87451
-0.88306
-0.89105
-0.89886
-0.90643
-0.91370
-0.92041
-0.92737
-0.93347
-0.93951
-0.94543
-0.95111
-0.95630
-0.96106
-0.96594
-0.97015
-0.97424
-0.97791
-0.98163
-0.98474
-0.98773
-0.99017
-0.99255
-0.99445
-0.99603
-0.99756
-0.99860
-0.99927
-0.99963
-1.00024
-1.00006
-0.99957
-0.99878
-0.99750
-0.99615
-0.99445
-0.99243
-0.99066
-0.98785
-0.98499
-0.98151
-0.97839
-0.97424
-0.97040
-0.96570
-0.96155
-0.95618
-0.95111
-0.94550
-0.94019
-0.93390
-0.92767
-0.92072
-0.91339
-0.90613
-0.89868
-0.89075
-0.88263
-0.87482
-0.86597
-0.85718
-0.84753
-0.83850
-0.82867
-0.81879
-0.80847
-0.79871
-0.78802
-0.77692
-0.76587
-0.75470
-0.74298
-0.73096
-0.71906
-0.70697
-0.69495
-0.68207
-0.66901
-0.65570
-0.64233
-0.62927
-0.61548
-0.60175
-0.58826
-0.57385
-0.55939
-0.54462
-0.53021
-0.51495
-0.49994
-0.48431
-0.46991
-0.45422
-0.43848
-0.42297
-0.40692
-0.39081
-0.37439
-0.35797
-0.34137
-0.32526
-0.30920
-0.29230
-0.27557
-0.25897
-0.24164
-0.22473
-0.20715
-0.19080
-0.17346
-0.15601
-0.13855
-0.12177
-0.10431
-0.08673
-0.06952
-0.05219
-0.03461
-0.01703
-0.00031
 0.01727
 0.03485
 0.05243
 0.06976
 0.08673
 0.10431
 0.12177
 0.13855
 0.15601
 0.17346
 0.19080
 0.20721
 0.22467
 0.24164
 0.25897
 0.27545
 0.29230
 0.30920
 0.32532
 0.34143
 0.35803
 0.37445
 0.39087
 0.40698
 0.42303
 0.43842
 0.45416
 0.46985
 0.48425
 0.49988
 0.51483
 0.53021
 0.54462
 0.55939
 0.57385
 0.58826
 0.60175
 0.61572
 0.62952
 0.64264
 0.65570
 0.66901
 0.68207
 0.69495
 0.70685
 0.71906
 0.73120
 0.74323
 0.75494
 0.76611
 0.77692
 0.78802
 0.79871
 0.80841
 0.81873
 0.82874
 0.83856
 0.84753
 0.85718
 0.86597
 0.87469
 0.88263
 0.89075
 0.89868
 0.90613
 0.91339
 0.92072
 0.92731
 0.93390
 0.94019
 0.94550
 0.95068
 0.95612
 0.96149
 0.96564
 0.97034
 0.97418
 0.97833
 0.98157
 0.98505
 0.98792
 0.99072
 0.99274
 0.99475
 0.99646
 0.99774
 0.99854
 0.99933
 0.99982
 0.99994
