  0.0001
  0.0177
  0.0352
  0.0526
  0.0699
  0.0872
  0.1046
  0.1219
  0.1391
  0.1564
  0.1738
  0.1910
  0.2079
  0.2251
  0.2421
  0.2592
  0.2759
  0.2926
  0.3093
  0.3255
  0.3420
  0.3583
  0.3748
  0.3909
  0.4066
  0.4226
  0.4385
  0.4541
  0.4697
  0.4848
  0.4999
  0.5151
  0.5300
  0.5446
  0.5594
  0.5735
  0.5877
  0.6019
  0.6158
  0.6295
  0.6428
  0.6560
  0.6692
  0.6821
  0.6949
  0.7072
  0.7194
  0.7313
  0.7432
  0.7548
  0.7662
  0.7771
  0.7881
  0.7986
  0.8090
  0.8191
  0.8290
  0.8386
  0.8481
  0.8572
  0.8661
  0.8745
  0.8831
  0.8911
  0.8989
  0.9064
  0.9137
  0.9207
  0.9274
  0.9335
  0.9395
  0.9454
  0.9511
  0.9563
  0.9614
  0.9659
  0.9702
  0.9742
  0.9779
  0.9816
  0.9847
  0.9877
  0.9902
  0.9926
  0.9944
  0.9960
  0.9976
  0.9986
  0.9993
  0.9996
  1.0001
  0.9998
  0.9993
  0.9985
  0.9976
  0.9965
  0.9948
  0.9927
  0.9907
  0.9878
  0.9850
  0.9814
  0.9782
  0.9742
  0.9702
  0.9656
  0.9615
  0.9561
  0.9507
  0.9457
  0.9402
  0.9339
  0.9273
  0.9205
  0.9134
  0.9061
  0.8989
  0.8910
  0.8829
  0.8749
  0.8662
  0.8574
  0.8478
  0.8386
  0.8287
  0.8187
  0.8084
  0.7986
  0.7879
  0.7768
  0.7661
  0.7549
  0.7432
  0.7312
  0.7189
  0.7073
  0.6948
  0.6821
  0.6690
  0.6557
  0.6426
  0.6295
  0.6157
  0.6017
  0.5883
  0.5739
  0.5594
  0.5446
  0.5302
  0.5148
  0.4999
  0.4845
  0.4701
  0.4544
  0.4387
  0.4230
  0.4070
  0.3907
  0.3745
  0.3580
  0.3414
  0.3256
  0.3092
  0.2923
  0.2755
  0.2592
  0.2419
  0.2249
  0.2075
  0.1910
  0.1735
  0.1562
  0.1385
  0.1218
  0.1043
  0.0867
  0.0698
  0.0524
  0.0349
  0.0173
  0.0002
 -0.0173
 -0.0349
 -0.0524
 -0.0700
 -0.0870
 -0.1046
 -0.1220
 -0.1388
 -0.1565
 -0.1737
 -0.1913
 -0.2076
 -0.2250
 -0.2421
 -0.2592
 -0.2755
 -0.2923
 -0.3091
 -0.3255
 -0.3414
 -0.3580
 -0.3743
 -0.3907
 -0.4069
 -0.4230
 -0.4387
 -0.4545
 -0.4702
 -0.4846
 -0.5002
 -0.5152
 -0.5305
 -0.5446
 -0.5591
 -0.5739
 -0.5883
 -0.6017
 -0.6157
 -0.6295
 -0.6428
 -0.6559
 -0.6693
 -0.6823
 -0.6948
 -0.7072
 -0.7189
 -0.7312
 -0.7432
 -0.7549
 -0.7664
 -0.7770
 -0.7881
 -0.7988
 -0.8085
 -0.8190
 -0.8287
 -0.8387
 -0.8480
 -0.8574
 -0.8661
 -0.8749
 -0.8828
 -0.8909
 -0.8988
 -0.9061
 -0.9134
 -0.9205
 -0.9273
 -0.9339
 -0.9402
 -0.9456
 -0.9507
 -0.9562
 -0.9610
 -0.9658
 -0.9705
 -0.9744
 -0.9785
 -0.9816
 -0.9847
 -0.9880
 -0.9904
 -0.9927
 -0.9947
 -0.9964
 -0.9979
 -0.9988
 -0.9996
 -1.0001
 -0.9998
 -0.9996
 -0.9993
 -0.9986
 -0.9976
 -0.9960
 -0.9944
 -0.9926
 -0.9902
 -0.9877
 -0.9847
 -0.9816
 -0.9779
 -0.9742
 -0.9702
 -0.9659
 -0.9611
 -0.9563
 -0.9511
 -0.9454
 -0.9395
 -0.9335
 -0.9274
 -0.9207
 -0.9137
 -0.9064
 -0.8989
 -0.8911
 -0.8831
 -0.8745
 -0.8661
 -0.8572
 -0.8480
 -0.8386
 -0.8290
 -0.8191
 -0.8090
 -0.7986
 -0.7881
 -0.7771
 -0.7662
 -0.7548
 -0.7432
 -0.7313
 -0.7194
 -0.7071
 -0.6949
 -0.6821
 -0.6692
 -0.6560
 -0.6428
 -0.6293
 -0.6157
 -0.6018
 -0.5878
 -0.5737
 -0.5592
 -0.5447
 -0.5301
 -0.5151
 -0.5000
 -0.4847
 -0.4697
 -0.4542
 -0.4385
 -0.4227
 -0.4066
 -0.3910
 -0.3743
 -0.3584
 -0.3420
 -0.3256
 -0.3088
 -0.2921
 -0.2759
 -0.2589
 -0.2419
 -0.2249
 -0.2077
 -0.1910
 -0.1738
 -0.1564
 -0.1391
 -0.1219
 -0.1046
 -0.0872
 -0.0698
 -0.0522
 -0.0348
 -0.0174
  0.0001
  0.0177
  0.0352
  0.0526
  0.0699
  0.0872
  0.1046
  0.1219
  0.1391
  0.1564
  0.1738
  0.1910
  0.2079
  0.2249
  0.2421
  0.2589
  0.2759
  0.2921
  0.3093
  0.3255
  0.3420
  0.3583
  0.3748
  0.3909
  0.4066
  0.4226
  0.4385
  0.4541
  0.4697
  0.4848
  0.4999
  0.5151
  0.5300
  0.5446
  0.5591
  0.5735
  0.5877
  0.6019
  0.6158
  0.6295
  0.6428
  0.6560
  0.6692
  0.6821
  0.6949
  0.7072
  0.7194
  0.7313
  0.7432
  0.7548
  0.7662
  0.7771
  0.7881
  0.7986
  0.8090
  0.8191
  0.8290
  0.8386
  0.8481
  0.8572
  0.8661
  0.8745
  0.8831
  0.8911
  0.8989
  0.9064
  0.9137
  0.9207
  0.9274
  0.9335
  0.9395
  0.9454
  0.9511
  0.9563
  0.9614
  0.9659
  0.9702
  0.9742
  0.9779
  0.9816
  0.9847
  0.9877
  0.9902
  0.9926
  0.9944
  0.9960
  0.9976
  0.9986
  0.9993
  0.9996
  1.0001
  0.9998
  0.9993
  0.9985
  0.9976
  0.9965
  0.9948
  0.9927
  0.9907
  0.9878
  0.9848
  0.9817
  0.9785
  0.9744
  0.9705
  0.9659
  0.9615
  0.9561
  0.9507
  0.9457
  0.9402
  0.9339
  0.9273
  0.9205
  0.9134
  0.9061
  0.8989
  0.8910
  0.8829
  0.8749
  0.8662
  0.8574
  0.8478
  0.8386
  0.8287
  0.8187
  0.8084
  0.7986
  0.7879
  0.7768
  0.7661
  0.7549
  0.7432
  0.7312
  0.7189
  0.7073
  0.6948
  0.6821
  0.6690
  0.6557
  0.6426
  0.6295
  0.6157
  0.6017
  0.5883
  0.5739
  0.5594
  0.5446
  0.5305
  0.5151
  0.5001
  0.4845
  0.4701
  0.4544
  0.4387
  0.4230
  0.4070
  0.3907
  0.3745
  0.3580
  0.3414
  0.3256
  0.3092
  0.2923
  0.2755
  0.2592
  0.2419
  0.2249
  0.2075
  0.1910
  0.1735
  0.1562
  0.1385
  0.1218
  0.1043
  0.0867
  0.0698
  0.0524
  0.0349
  0.0173
  0.0002
 -0.0173
 -0.0349
 -0.0524
 -0.0700
 -0.0870
 -0.1046
 -0.1220
 -0.1385
 -0.1562
 -0.1735
 -0.1910
 -0.2074
 -0.2250
 -0.2419
 -0.2592
 -0.2755
 -0.2923
 -0.3091
 -0.3255
 -0.3414
 -0.3580
 -0.3743
 -0.3907
 -0.4069
 -0.4230
 -0.4387
 -0.4545
 -0.4702
 -0.4846
 -0.5002
 -0.5152
 -0.5305
 -0.5446
 -0.5594
 -0.5739
 -0.5883
 -0.6017
 -0.6157
 -0.6295
 -0.6428
 -0.6559
 -0.6693
 -0.6823
 -0.6948
 -0.7072
 -0.7189
 -0.7312
 -0.7432
 -0.7549
 -0.7664
 -0.7770
 -0.7881
 -0.7986
 -0.8085
 -0.8188
 -0.8287
 -0.8385
 -0.8478
 -0.8574
 -0.8661
 -0.8749
 -0.8828
 -0.8909
 -0.8988
 -0.9061
 -0.9134
 -0.9205
 -0.9273
 -0.9339
 -0.9402
 -0.9456
 -0.9507
 -0.9562
 -0.9610
 -0.9659
 -0.9705
 -0.9745
 -0.9785
 -0.9816
 -0.9847
 -0.9880
 -0.9904
 -0.9927
 -0.9947
 -0.9964
 -0.9979
 -0.9988
 -0.9996
 -1.0001
 -0.9998
 -0.9996
 -0.9993
 -0.9986
 -0.9976
 -0.9960
 -0.9944
 -0.9926
 -0.9902
 -0.9877
 -0.9847
 -0.9816
 -0.9779
 -0.9742
 -0.9702
 -0.9659
 -0.9611
 -0.9563
 -0.9511
 -0.9454
 -0.9395
 -0.9335
 -0.9274
 -0.9207
 -0.9137
 -0.9064
 -0.8989
 -0.8911
 -0.8831
 -0.8745
 -0.8661
 -0.8572
 -0.8481
 -0.8386
 -0.8290
 -0.8191
 -0.8090
 -0.7986
 -0.7881
 -0.7771
 -0.7662
 -0.7548
 -0.7432
 -0.7313
 -0.7194
 -0.7071
 -0.6949
 -0.6821
 -0.6692
 -0.6560
 -0.6428
 -0.6296
 -0.6159
 -0.6021
 -0.5878
 -0.5737
 -0.5592
 -0.5447
 -0.5301
 -0.5151
 -0.5000
 -0.4847
 -0.4697
 -0.4542
 -0.4385
 -0.4227
 -0.4066
 -0.3910
 -0.3743
 -0.3584
 -0.3420
 -0.3256
 -0.3088
 -0.2921
 -0.2759
 -0.2589
 -0.2421
 -0.2249
 -0.2078
 -0.1910
 -0.1738
 -0.1564
 -0.1391
 -0.1219
 -0.1046
 -0.0872
 -0.0698
 -0.0522
 -0.0348
 -0.0174
  0.0001
